            CPU0       CPU1       CPU2       CPU3       CPU4       CPU5       CPU6       CPU7       CPU8       CPU9       CPU10      CPU11      CPU12      CPU13      CPU14      CPU15      CPU16      CPU17      CPU18      CPU19      CPU20      CPU21      CPU22      CPU23      CPU24      CPU25      CPU26      CPU27      CPU28      CPU29      CPU30      CPU31
   8:          0          0          0          0          0          0          0          0          0          0          0          0          0          0          0          0          0          0          0          0          0          0          0          0          0          0          0          0          0          0          0          0  IR-IO-APIC    8-edge      rtc0
   9:          0          0          0          0          0          0          0          0          0          0          0          0          0          0          0          0          0          0          0          0          0          0          0          0          0          0          0          0          0          0          0          0  IR-IO-APIC    9-fasteoi   acpi
  14:          0          0          0          0          0          0          0          0          0          0          0          0          0          0          0          0          0          0          0          0          0          0          0          0          0          0          0          0          0          0          0          0  IR-IO-APIC   14-fasteoi   INTC1056:00
  16:          0          0          0          0          0          0          0          0          0          0          0          0          0          0          0          0          0          0          0          0          0          0          0          0          0          0          0          0          0          4          0          0  IR-IO-APIC   16-fasteoi
  17:          0          0          0          0          0          0          0          0          0          0          0          0          0          0          0          0          0          0          0          0          0          0        937          0          0          0          0          0          0          0          0          0  IR-IO-APIC   17-fasteoi   snd_hda_intel:card1
  18:          0          0          0          0          0          0          0          0          0          0          0          0          0          0          0          5          0          0          0          0          0          0          0          0          0          0          0          0          0          0          0          0  IR-IO-APIC   18-fasteoi   i801_smbus
  27:          0          0          0          0          0          0          0          0          0          0          0          0          0          0          0          0          0          0          0          0          0          0          0          0          0          0          0          0          0          0          0          0  IR-IO-APIC   27-fasteoi   idma64.0, i2c_designware.0
  29:          0          0          0          0          0          0          0          0          0          0          0          0          0          0          0          0          0          0          0          0          0          0          0          0          0          0          0          0          0          0          0          0  IR-IO-APIC   29-fasteoi   idma64.2, i2c_designware.2
  40:          0          0          0          0          0          0          0          0          0          0          0          0          0          0          0          0          0          0          0          0          0          0          0          0          0          0          0          0          0          0          0          0  IR-IO-APIC   40-fasteoi   idma64.1, i2c_designware.1
 120:          0          0          0          0          0          0          0          0          0          0          0          0          0          0          0          0          0          0          0          0          0          0          0          0          0          0          0          0          0          0          0          0  DMAR-MSI    0-edge      dmar0
 127:          0          0          0          0          0          0          0          0          0          0          0          0          0          0          0          0          0          0          0          0          0          0          0          0          0          0          0          0          0         22          0          0  IR-PCI-MSIX-0000:03:00.0    0-edge      vfio-msix[0](0000:03:00.0)
 128:          0          0          0          0          0          0          0          0          0          0         38          0          0          0          0          0          0          0          0          0          0          0          0          0          0          0          0          0          0          0          0          0  IR-PCI-MSIX-0000:06:00.0    0-edge      nvme2q0
 129:          0          0          0          0          0          0          0          0          0          0          0         69          0          0          0          0          0          0          0          0          0          0          0          0          0          0          0          0          0          0          0          0  IR-PCI-MSIX-0000:02:00.0    0-edge      nvme1q0
 130:          0          0          0          0          0          0          0          0          0          0          0          0          0          0          0          0          0          0          0          0          0          0          0          0          0          0          0          0          0          0    4649920          0  IR-PCI-MSIX-0000:03:00.0    1-edge      vfio-msix[1](0000:03:00.0)
 131:          0          0          0          0          0          0          0          0          0          0          0          0          0          0          0          0          0          0          0          0          0          0          0          0          0          0          0          0          0          0          0     125897  IR-PCI-MSIX-0000:03:00.0    2-edge      vfio-msix[2](0000:03:00.0)
 132:          0          0          0          0          0          0          0          0          0    4507193          0          0          0          0          0          0          0          0          0          0          0          0          0          0          0          0          0          0          0          0          0          0  IR-PCI-MSIX-0000:03:00.0    3-edge      vfio-msix[3](0000:03:00.0)
 133:          0          0          0          0          0          0          0          0          0          0          0          0          0          0    2789444          0          0          0          0          0          0          0          0          0          0          0          0          0          0          0          0          0  IR-PCI-MSIX-0000:03:00.0    4-edge      vfio-msix[4](0000:03:00.0)
 134:          0          0          0          0          0          0          0          0          0          0          0          0          0          0          0        188          0          0          0          0          0          0          0          0          0          0          0          0          0          0          0          0  IR-PCI-MSIX-0000:03:00.0    5-edge      vfio-msix[5](0000:03:00.0)
 135:          0          0          0          0          0          0          0          0          0          0          0          0          0          0          0          0    2262612          0          0          0          0          0          0          0          0          0          0          0          0          0          0          0  IR-PCI-MSIX-0000:03:00.0    6-edge      vfio-msix[6](0000:03:00.0)
 136:          0          0          0          0          0          0          0          0          0          0          0          0          0          0          0          0          0          1          0          0          0          0          0          0          0          0          0          0          0          0          0          0  IR-PCI-MSIX-0000:03:00.0    7-edge      vfio-msix[7](0000:03:00.0)
 137:          0          0          0          0          0          0          0          0          0          0          0          0          0          0          0          0          0          0    4952924          0          0          0          0          0          0          0          0          0          0          0          0          0  IR-PCI-MSIX-0000:03:00.0    8-edge      vfio-msix[8](0000:03:00.0)
 138:          0       3645          0          0          0          0          0          0          0          0          0          0          0          0          0          0          0          0          0          0          0          0          0          0          0          0          0          0          0          0          0          0  IR-PCI-MSIX-0000:06:00.0    1-edge      nvme2q1
 139:          0          0       1831          0          0          0          0          0          0          0          0          0          0          0          0          0          0          0          0          0          0          0          0          0          0          0          0          0          0          0          0          0  IR-PCI-MSIX-0000:06:00.0    2-edge      nvme2q2
 140:          0          0          0          0          0       1556          0          0          0          0          0          0          0          0          0          0          0          0          0          0          0          0          0          0          0          0          0          0          0          0          0          0  IR-PCI-MSIX-0000:06:00.0    3-edge      nvme2q3
 141:          0          0          0          0          0          0       2551          0          0          0          0          0          0          0          0          0          0          0          0          0          0          0          0          0          0          0          0          0          0          0          0          0  IR-PCI-MSIX-0000:06:00.0    4-edge      nvme2q4
 142:          0          0          0          0          0          0          0          0          0        855          0          0          0          0          0          0          0          0          0          0          0          0          0          0          0          0          0          0          0          0          0          0  IR-PCI-MSIX-0000:06:00.0    5-edge      nvme2q5
 143:          0          0          0          0          0          0          0          0          0          0        355          0          0          0          0          0          0          0          0          0          0          0          0          0          0          0          0          0          0          0          0          0  IR-PCI-MSIX-0000:06:00.0    6-edge      nvme2q6
 144:          0          0          0          0          0          0          0          0          0          0          0          0          0       1687          0          0          0          0          0          0          0          0          0          0          0          0          0          0          0          0          0          0  IR-PCI-MSIX-0000:06:00.0    7-edge      nvme2q7
 145:          0          0          0          0          0          0          0          0          0          0          0          0          0          0       1615          0          0          0          0          0          0          0          0          0          0          0          0          0          0          0          0          0  IR-PCI-MSIX-0000:06:00.0    8-edge      nvme2q8
 146:          0          0          0          0          0          0          0          0          0          0          0          0          0          0          0          0          0       3094          0          0          0          0          0          0          0          0          0          0          0          0          0          0  IR-PCI-MSIX-0000:06:00.0    9-edge      nvme2q9
 147:          0          0          0          0          0          0          0          0          0          0          0          0          0          0          0          0          0          0       2819          0          0          0          0          0          0          0          0          0          0          0          0          0  IR-PCI-MSIX-0000:06:00.0   10-edge      nvme2q10
 148:          0          0          0          0          0          0          0          0          0          0          0          0          0          0          0          0          0          0          0          0          0       2233          0          0          0          0          0          0          0          0          0          0  IR-PCI-MSIX-0000:06:00.0   11-edge      nvme2q11
 149:          0          0          0          0          0          0          0          0          0          0          0          0          0          0          0          0          0          0          0          0          0          0       2010          0          0          0          0          0          0          0          0          0  IR-PCI-MSIX-0000:06:00.0   12-edge      nvme2q12
 150:          0          0          0          0          0          0          0          0          0          0          0          0          0          0          0          0          0          0          0          0          0          0          0          0          0       1760          0          0          0          0          0          0  IR-PCI-MSIX-0000:06:00.0   13-edge      nvme2q13
 151:          0          0          0          0          0          0          0          0          0          0          0          0          0          0          0          0          0          0          0          0          0          0          0          0          0          0       1792          0          0          0          0          0  IR-PCI-MSIX-0000:06:00.0   14-edge      nvme2q14
 152:          0          0          0          0          0          0          0          0          0          0          0          0          0          0          0          0          0          0          0          0          0          0          0          0          0          0          0          0          0       1802          0          0  IR-PCI-MSIX-0000:06:00.0   15-edge      nvme2q15
 153:          0          0          0          0          0          0          0          0          0          0          0          0          0          0          0          0          0          0          0          0          0          0          0          0          0          0          0          0          0          0       1900          0  IR-PCI-MSIX-0000:06:00.0   16-edge      nvme2q16
 154:       4996          0          0          0          0          0          0          0          0          0          0          0          0          0          0          0          0          0          0          0          0          0          0          0          0          0          0          0          0          0          0          0  IR-PCI-MSIX-0000:02:00.0    1-edge      nvme1q1
 155:          0       2821          0          0          0          0          0          0          0          0          0          0          0          0          0          0          0          0          0          0          0          0          0          0          0          0          0          0          0          0          0          0  IR-PCI-MSIX-0000:02:00.0    2-edge      nvme1q2
 156:          0          0       4791          0          0          0          0          0          0          0          0          0          0          0          0          0          0          0          0          0          0          0          0          0          0          0          0          0          0          0          0          0  IR-PCI-MSIX-0000:02:00.0    3-edge      nvme1q3
 157:          0          0          0       3632          0          0          0          0          0          0          0          0          0          0          0          0          0          0          0          0          0          0          0          0          0          0          0          0          0          0          0          0  IR-PCI-MSIX-0000:02:00.0    4-edge      nvme1q4
 158:          0          0          0          0       5974          0          0          0          0          0          0          0          0          0          0          0          0          0          0          0          0          0          0          0          0          0          0          0          0          0          0          0  IR-PCI-MSIX-0000:02:00.0    5-edge      nvme1q5
 159:          0          0          0          0          0       3032          0          0          0          0          0          0          0          0          0          0          0          0          0          0          0          0          0          0          0          0          0          0          0          0          0          0  IR-PCI-MSIX-0000:02:00.0    6-edge      nvme1q6
 160:          0          0          0          0          0          0       6034          0          0          0          0          0          0          0          0          0          0          0          0          0          0          0          0          0          0          0          0          0          0          0          0          0  IR-PCI-MSIX-0000:02:00.0    7-edge      nvme1q7
 161:          0          0          0          0          0          0          0       1666          0          0          0          0          0          0          0          0          0          0          0          0          0          0          0          0          0          0          0          0          0          0          0          0  IR-PCI-MSIX-0000:02:00.0    8-edge      nvme1q8
 162:          0          0          0          0          0          0          0          0       7051          0          0          0          0          0          0          0          0          0          0          0          0          0          0          0          0          0          0          0          0          0          0          0  IR-PCI-MSIX-0000:02:00.0    9-edge      nvme1q9
 163:          0          0          0          0          0          0          0          0          0       3420          0          0          0          0          0          0          0          0          0          0          0          0          0          0          0          0          0          0          0          0          0          0  IR-PCI-MSIX-0000:02:00.0   10-edge      nvme1q10
 164:          0          0          0          0          0          0          0          0          0          0      12816          0          0          0          0          0          0          0          0          0          0          0          0          0          0          0          0          0          0          0          0          0  IR-PCI-MSIX-0000:02:00.0   11-edge      nvme1q11
 165:          0          0          0          0          0          0          0          0          0          0          0       3043          0          0          0          0          0          0          0          0          0          0          0          0          0          0          0          0          0          0          0          0  IR-PCI-MSIX-0000:02:00.0   12-edge      nvme1q12
 166:          0          0          0          0          0          0          0          0          0          0          0          0       5966          0          0          0          0          0          0          0          0          0          0          0          0          0          0          0          0          0          0          0  IR-PCI-MSIX-0000:02:00.0   13-edge      nvme1q13
 167:          0          0          0          0          0          0          0          0          0          0          0          0          0       2043          0          0          0          0          0          0          0          0          0          0          0          0          0          0          0          0          0          0  IR-PCI-MSIX-0000:02:00.0   14-edge      nvme1q14
 168:          0          0          0          0          0          0          0          0          0          0          0          0          0          0       6715          0          0          0          0          0          0          0          0          0          0          0          0          0          0          0          0          0  IR-PCI-MSIX-0000:02:00.0   15-edge      nvme1q15
 169:          0          0          0          0          0          0          0          0          0          0          0          0          0          0          0       2572          0          0          0          0          0          0          0          0          0          0          0          0          0          0          0          0  IR-PCI-MSIX-0000:02:00.0   16-edge      nvme1q16
 170:          0          0          0          0          0          0          0          0          0          0          0          0          0          0          0          0       5232          0          0          0          0          0          0          0          0          0          0          0          0          0          0          0  IR-PCI-MSIX-0000:02:00.0   17-edge      nvme1q17
 171:          0          0          0          0          0          0          0          0          0          0          0          0          0          0          0          0          0       3315          0          0          0          0          0          0          0          0          0          0          0          0          0          0  IR-PCI-MSIX-0000:02:00.0   18-edge      nvme1q18
 172:          0          0          0          0          0          0          0          0          0          0          0          0          0          0          0          0          0          0       2947          0          0          0          0          0          0          0          0          0          0          0          0          0  IR-PCI-MSIX-0000:02:00.0   19-edge      nvme1q19
 173:          0          0          0          0          0          0          0          0          0          0          0          0          0          0          0          0          0          0          0       3397          0          0          0          0          0          0          0          0          0          0          0          0  IR-PCI-MSIX-0000:02:00.0   20-edge      nvme1q20
 174:          0          0          0          0          0          0          0          0          0          0          0          0          0          0          0          0          0          0          0          0       2543          0          0          0          0          0          0          0          0          0          0          0  IR-PCI-MSIX-0000:02:00.0   21-edge      nvme1q21
 175:          0          0          0          0          0          0          0          0          0          0          0          0          0          0          0          0          0          0          0          0          0       2201          0          0          0          0          0          0          0          0          0          0  IR-PCI-MSIX-0000:02:00.0   22-edge      nvme1q22
 176:          0          0          0          0          0          0          0          0          0          0          0          0          0          0          0          0          0          0          0          0          0          0       1908          0          0          0          0          0          0          0          0          0  IR-PCI-MSIX-0000:02:00.0   23-edge      nvme1q23
 177:          0          0          0          0          0          0          0          0          0          0          0          0          0          0          0          0          0          0          0          0          0          0          0       2935          0          0          0          0          0          0          0          0  IR-PCI-MSIX-0000:02:00.0   24-edge      nvme1q24
 178:          0          0          0          0          0          0          0          0          0          0          0          0          0          0          0          0          0          0          0          0          0          0          0          0       3070          0          0          0          0          0          0          0  IR-PCI-MSIX-0000:02:00.0   25-edge      nvme1q25
 179:          0          0          0          0          0          0          0          0          0          0          0          0          0          0          0          0          0          0          0          0          0          0          0          0          0       3132          0          0          0          0          0          0  IR-PCI-MSIX-0000:02:00.0   26-edge      nvme1q26
 180:          0          0          0          0          0          0          0          0          0          0          0          0          0          0          0          0          0          0          0          0          0          0          0          0          0          0       1059          0          0          0          0          0  IR-PCI-MSIX-0000:02:00.0   27-edge      nvme1q27
 181:          0          0          0          0          0          0          0          0          0          0          0          0          0          0          0          0          0          0          0          0          0          0          0          0          0          0          0       1996          0          0          0          0  IR-PCI-MSIX-0000:02:00.0   28-edge      nvme1q28
 182:          0          0          0          0          0          0          0          0          0          0          0          0          0          0          0          0          0          0          0          0          0          0          0          0          0          0          0          0       1084          0          0          0  IR-PCI-MSIX-0000:02:00.0   29-edge      nvme1q29
 183:          0          0          0          0          0          0          0          0          0          0          0          0          0          0          0          0          0          0          0          0          0          0          0          0          0          0          0          0          0        885          0          0  IR-PCI-MSIX-0000:02:00.0   30-edge      nvme1q30
 184:          0          0          0          0          0          0          0          0          0          0          0          0          0          0          0          0          0          0          0          0          0          0          0          0          0          0          0          0          0          0        644          0  IR-PCI-MSIX-0000:02:00.0   31-edge      nvme1q31
 185:          0          0          0          0          0          0          0          0          0          0          0          0          0          0          0          0          0          0          0          0          0          0          0          0          0          0          0          0          0          0          0        254  IR-PCI-MSIX-0000:02:00.0   32-edge      nvme1q32
 186:          0          0          0          0          0          0          0          0          0          0          0          0      12104          0          0          0          0          0          0          0          0          0          0          0          0          0          0          0          0          0          0          0  IR-PCI-MSI-0000:00:14.0    0-edge      xhci_hcd
 187:          0          0          0          0          0          0          0          0          0          0          0          0          0        418          0          0          0          0          0          0          0          0          0          0          0          0          0          0          0          0          0          0  IR-PCI-MSI-0000:00:17.0    0-edge      ahci[0000:00:17.0]
 188:          0          0          0          0          0          0          0          0          0          0          0          0          0          0          0          0         46          0          0          0          0          0          0          0          0          0          0          0          0          0          0          0  IR-PCI-MSI-0000:00:16.0    0-edge      mei_me
 189:          0          0          0          0          0          0          0          0          0          0          0          0          0          0          0          0          0          0          0          0          0          0          0          0          0          0          0          0          0          0          0          0  IR-PCI-MSIX-0000:05:00.0    0-edge      enp5s0
 190:          0          0          0          0          0          0          0          0          0          0          0          0          0          0          0          0          0          0          0          0          0          0          0          0          0        435          0          0          0          0          0          0  IR-PCI-MSIX-0000:05:00.0    1-edge      enp5s0-TxRx-0
 191:          0          0          0          0          0          0          0          0          0          0          0          0          0          0          0          0          0          0          0          0          0          0          0          0          0          0        435          0          0          0          0          0  IR-PCI-MSIX-0000:05:00.0    2-edge      enp5s0-TxRx-1
 192:          0          0          0          0          0          0          0          0          0          0          0          0          0          0          0          0          0          0          0          0          0          0          0          0          0          0          0        435          0          0          0          0  IR-PCI-MSIX-0000:05:00.0    3-edge      enp5s0-TxRx-2
 193:          0          0          0          0          0          0          0          0          0          0          0          0          0          0          0          0          0          0          0          0          0          0          0          0          0          0          0          0        435          0          0          0  IR-PCI-MSIX-0000:05:00.0    4-edge      enp5s0-TxRx-3
 194:          0          0          0          0          0          0          0          0          0          0          0          0          0          0          0          0          0          0          0          0        602          0          0          0          0          0          0          0          0          0          0          0  IR-PCI-MSI-0000:00:1f.3    0-edge      snd_hda_intel:card0
 195:          0          0          0          0          0          0          0          0          0          0          0          0          0          0          0          0          0          0          0          0          0       5418          0          0          0          0          0          0          0          0          0          0  IR-PCI-MSIX-0000:00:14.3    0-edge      iwlwifi:default_queue
 196:        148          0          0          0          0          0          0          0          0          0          0          0          0          0          0          0          0          0          0          0          0          0          0          0          0          0          0          0          0          0          0          0  IR-PCI-MSIX-0000:00:14.3    1-edge      iwlwifi:queue_1
 197:          0        275          0          0          0          0          0          0          0          0          0          0          0          0          0          0          0          0          0          0          0          0          0          0          0          0          0          0          0          0          0          0  IR-PCI-MSIX-0000:00:14.3    2-edge      iwlwifi:queue_2
 198:          0          0         67          0          0          0          0          0          0          0          0          0          0          0          0          0          0          0          0          0          0          0          0          0          0          0          0          0          0          0          0          0  IR-PCI-MSIX-0000:00:14.3    3-edge      iwlwifi:queue_3
 199:          0          0          0        108          0          0          0          0          0          0          0          0          0          0          0          0          0          0          0          0          0          0          0          0          0          0          0          0          0          0          0          0  IR-PCI-MSIX-0000:00:14.3    4-edge      iwlwifi:queue_4
 200:          0          0          0          0         76          0          0          0          0          0          0          0          0          0          0          0          0          0          0          0          0          0          0          0          0          0          0          0          0          0          0          0  IR-PCI-MSIX-0000:00:14.3    5-edge      iwlwifi:queue_5
 201:          0          0          0          0          0        227          0          0          0          0          0          0          0          0          0          0          0          0          0          0          0          0          0          0          0          0          0          0          0          0          0          0  IR-PCI-MSIX-0000:00:14.3    6-edge      iwlwifi:queue_6
 202:          0          0          0          0          0          0        183          0          0          0          0          0          0          0          0          0          0          0          0          0          0          0          0          0          0          0          0          0          0          0          0          0  IR-PCI-MSIX-0000:00:14.3    7-edge      iwlwifi:queue_7
 203:          0          0          0          0          0          0          0        107          0          0          0          0          0          0          0          0          0          0          0          0          0          0          0          0          0          0          0          0          0          0          0          0  IR-PCI-MSIX-0000:00:14.3    8-edge      iwlwifi:queue_8
 204:          0          0          0          0          0          0          0          0        107          0          0          0          0          0          0          0          0          0          0          0          0          0          0          0          0          0          0          0          0          0          0          0  IR-PCI-MSIX-0000:00:14.3    9-edge      iwlwifi:queue_9
 205:          0          0          0          0          0          0          0          0          0        110          0          0          0          0          0          0          0          0          0          0          0          0          0          0          0          0          0          0          0          0          0          0  IR-PCI-MSIX-0000:00:14.3   10-edge      iwlwifi:queue_10
 206:          0          0          0          0          0          0          0          0          0          0        236          0          0          0          0          0          0          0          0          0          0          0          0          0          0          0          0          0          0          0          0          0  IR-PCI-MSIX-0000:00:14.3   11-edge      iwlwifi:queue_11
 207:          0          0          0          0          0          0          0          0          0          0          0        318          0          0          0          0          0          0          0          0          0          0          0          0          0          0          0          0          0          0          0          0  IR-PCI-MSIX-0000:00:14.3   12-edge      iwlwifi:queue_12
 208:          0          0          0          0          0          0          0          0          0          0          0          0         98          0          0          0          0          0          0          0          0          0          0          0          0          0          0          0          0          0          0          0  IR-PCI-MSIX-0000:00:14.3   13-edge      iwlwifi:queue_13
 209:          0          0          0          0          0          0          0          0          0          0          0          0          0        208          0          0          0          0          0          0          0          0          0          0          0          0          0          0          0          0          0          0  IR-PCI-MSIX-0000:00:14.3   14-edge      iwlwifi:queue_14
 210:          0          0          0          0          5          0          0          0          0          0          0          0          0          0          0          0          0          0          0          0          0          0          0          0          0          0          0          0          0          0          0          0  IR-PCI-MSIX-0000:00:14.3   15-edge      iwlwifi:exception
 211:          0          0          0          0          0          0          0          0          0          0          0          0          0          0          0          0          0          0          0          0          0          0          0      62530          0          0          0          0          0          0          0          0  IR-PCI-MSI-0000:01:00.0    0-edge      nvidia
 NMI:          0          0          0          0          0          0          0          0          0          0          0          0          0          0          0          0          0          0          0          0          0          0          0          0          0          0          0          0          0          0          0          0   Non-maskable interrupts
 LOC:     186218      71969      88208      22972      92862      18075     105313      19073     260620     132443     288606     111287     115824      31775     117013      29916      69394      62748      52032      38794      46788      51059      39428      32352      24480      46551      18926      13573      23951      21555      13844       9835   Local timer interrupts
 SPU:          0          0          0          0          0          0          0          0          0          0          0          0          0          0          0          0          0          0          0          0          0          0          0          0          0          0          0          0          0          0          0          0   Spurious interrupts
 PMI:          0          0          0          0          0          0          0          0          0          0          0          0          0          0          0          0          0          0          0          0          0          0          0          0          0          0          0          0          0          0          0          0   Performance monitoring interrupts
 IWI:          1          0          1          0          0          0          0          0          1         46          3          0          0          0          1        158          0          1         42          0          0          0          0          0          0          0          0          0          0         28          8          0   IRQ work interrupts
 RTR:          0          0          0          0          0          0          0          0          0          0          0          0          0          0          0          0          0          0          0          0          0          0          0          0          0          0          0          0          0          0          0          0   APIC ICR read retries
 RES:       3427       1225       2532       1136       2886       1172       3021        832       2753        776       2578       2436       3107       1110       2884        779       2707       2271       2000       1717       1491       1450       1551       1510       1418       1386       1625       1895       1822       1803       1879       1562   Rescheduling interrupts
 CAL:     107750      77434      66479      73240      69834      74757      73812      68544      60589      49760      62116      57254      66857      60832      70448      63877      92021      81830      90032      89953      82209      81808      79298      76164      69073      63101      58203      58706      55853      48550      42308      38257   Function call interrupts
 TLB:      33294      35592      30383      33556      33893      34490      36290      31772      28533      19978      28853      26863      31905      28534      33617      28774      46367      41895      45403      45105      43558      39950      39749      40396      39049      34642      29326      29182      25501      20407      15159      12200   TLB shootdowns
 TRM:          0          0          0          0          0          0          0          0          0          0          0          0          0          0          0          0          0          0          0          0          0          0          0          0          0          0          0          0          0          0          0          0   Thermal event interrupts
 THR:          0          0          0          0          0          0          0          0          0          0          0          0          0          0          0          0          0          0          0          0          0          0          0          0          0          0          0          0          0          0          0          0   Threshold APIC interrupts
 DFR:          0          0          0          0          0          0          0          0          0          0          0          0          0          0          0          0          0          0          0          0          0          0          0          0          0          0          0          0          0          0          0          0   Deferred Error APIC interrupts
 MCE:          0          0          0          0          0          0          0          0          0          0          0          0          0          0          0          0          0          0          0          0          0          0          0          0          0          0          0          0          0          0          0          0   Machine check exceptions
 MCP:          3          4          4          4          4          4          4          4          4          4          4          4          4          4          4          4          4          4          4          4          4          4          4          4          4          4          4          4          4          4          4          4   Machine check polls
 ERR:          0
 MIS:          0
 PIN:        206        128       1259        405       1313          1          5          4      83397        461      91270      20634        513        418        562       1880        169          8        248          9         23          5         24          1         46          6          5         11         10          2          7          2   Posted-interrupt notification event
 NPI:          0          0          0          0          0          0          0          0          0          0          0          0          0          0          0          0          0          0          0          0          0          0          0          0          0          0          0          0          0          0          0          0   Nested posted-interrupt event
 PIW:          0          0          0          0          0          0          0          0          0          0          0          0          0          0          0          0          0          0          0          0          0          0          0          0          0          0          0          0          0          0          0          0   Posted-interrupt wakeup event
