            CPU0       CPU1       CPU2       CPU3       CPU4       CPU5       CPU6       CPU7       CPU8       CPU9       CPU10      CPU11      CPU12      CPU13      CPU14      CPU15      CPU16      CPU17      CPU18      CPU19      CPU20      CPU21      CPU22      CPU23      CPU24      CPU25      CPU26      CPU27      CPU28      CPU29      CPU30      CPU31
   8:          0          0          0          0          0          0          0          0          0          0          0          0          0          0          0          0          0          0          0          0          0          0          0          0          0          0          0          0          0          0          0          0  IR-IO-APIC    8-edge      rtc0
   9:          0          0          0          0          0          0          0          0          0          0          0          0          0          0          0          0          0          0          0          0          0          0          0          0          0          0          0          0          0          0          0          0  IR-IO-APIC    9-fasteoi   acpi
  14:          0          0          0          0          0          0          0          0          0          0          0          0          0          0          0          0          0          0          0          0          0          0          0          0          0          0          0          0          0          0          0          0  IR-IO-APIC   14-fasteoi   INTC1056:00
  17:          0          0          0          0          0          0          0          0          0          0          0          0          0          0          0          0          0          0          0          0          0       1092          0          0          0          0          0          0          0          0          0          0  IR-IO-APIC   17-fasteoi   snd_hda_intel:card1
  18:          0          0          0          0          0          0          0          0          0          0          0          0          0          0          0          5          0          0          0          0          0          0          0          0          0          0          0          0          0          0          0          0  IR-IO-APIC   18-fasteoi   i801_smbus
  27:          0          0          0          0          0          0          0          0          0          0          0          0          0          0          0          0          0          0          0          0          0          0          0          0          0          0          0          0          0          0          0          0  IR-IO-APIC   27-fasteoi   idma64.0, i2c_designware.0
  29:          0          0          0          0          0          0          0          0          0          0          0          0          0          0          0          0          0          0          0          0          0          0          0          0          0          0          0          0          0          0          0          0  IR-IO-APIC   29-fasteoi   idma64.2, i2c_designware.2
  40:          0          0          0          0          0          0          0          0          0          0          0          0          0          0          0          0          0          0          0          0          0          0          0          0          0          0          0          0          0          0          0          0  IR-IO-APIC   40-fasteoi   idma64.1, i2c_designware.1
 120:          0          0          0          0          0          0          0          0          0          0          0          0          0          0          0          0          0          0          0          0          0          0          0          0          0          0          0          0          0          0          0          0  DMAR-MSI    0-edge      dmar0
 127:          0          0          0          0          0          0          0          0          0          0          0         69          0          0          0          0          0          0          0          0          0          0          0          0          0          0          0          0          0          0          0          0  IR-PCI-MSIX-0000:02:00.0    0-edge      nvme0q0
 128:          0          0          0          0          0          0          0          0          0         38          0          0          0          0          0          0          0          0          0          0          0          0          0          0          0          0          0          0          0          0          0          0  IR-PCI-MSIX-0000:06:00.0    0-edge      nvme2q0
 129:          0          0          0          0          0          0          0          0          0          0         22          0          0          0          0          0          0          0          0          0          0          0          0          0          0          0          0          0          0          0          0          0  IR-PCI-MSIX-0000:03:00.0    0-edge      nvme1q0
 130:       2599          0          0          0          0          0          0          0          0          0          0          0          0          0          0          0          0          0          0          0          0          0          0          0          0          0          0          0          0          0          0          0  IR-PCI-MSIX-0000:02:00.0    1-edge      nvme0q1
 131:          0        601          0          0          0          0          0          0          0          0          0          0          0          0          0          0          0          0          0          0          0          0          0          0          0          0          0          0          0          0          0          0  IR-PCI-MSIX-0000:02:00.0    2-edge      nvme0q2
 132:          0          0       3109          0          0          0          0          0          0          0          0          0          0          0          0          0          0          0          0          0          0          0          0          0          0          0          0          0          0          0          0          0  IR-PCI-MSIX-0000:02:00.0    3-edge      nvme0q3
 133:          0          0          0        233          0          0          0          0          0          0          0          0          0          0          0          0          0          0          0          0          0          0          0          0          0          0          0          0          0          0          0          0  IR-PCI-MSIX-0000:02:00.0    4-edge      nvme0q4
 134:          0          0          0          0       1889          0          0          0          0          0          0          0          0          0          0          0          0          0          0          0          0          0          0          0          0          0          0          0          0          0          0          0  IR-PCI-MSIX-0000:02:00.0    5-edge      nvme0q5
 135:          0          0          0          0          0       1234          0          0          0          0          0          0          0          0          0          0          0          0          0          0          0          0          0          0          0          0          0          0          0          0          0          0  IR-PCI-MSIX-0000:02:00.0    6-edge      nvme0q6
 136:          0          0          0          0          0          0       2324          0          0          0          0          0          0          0          0          0          0          0          0          0          0          0          0          0          0          0          0          0          0          0          0          0  IR-PCI-MSIX-0000:02:00.0    7-edge      nvme0q7
 137:          0          0          0          0          0          0          0        708          0          0          0          0          0          0          0          0          0          0          0          0          0          0          0          0          0          0          0          0          0          0          0          0  IR-PCI-MSIX-0000:02:00.0    8-edge      nvme0q8
 138:          0          0          0          0          0          0          0          0       3669          0          0          0          0          0          0          0          0          0          0          0          0          0          0          0          0          0          0          0          0          0          0          0  IR-PCI-MSIX-0000:02:00.0    9-edge      nvme0q9
 139:          0          0          0          0          0          0          0          0          0       2200          0          0          0          0          0          0          0          0          0          0          0          0          0          0          0          0          0          0          0          0          0          0  IR-PCI-MSIX-0000:02:00.0   10-edge      nvme0q10
 140:          0          0          0          0          0          0          0          0          0          0       8878          0          0          0          0          0          0          0          0          0          0          0          0          0          0          0          0          0          0          0          0          0  IR-PCI-MSIX-0000:02:00.0   11-edge      nvme0q11
 141:          0          0          0          0          0          0          0          0          0          0          0       1738          0          0          0          0          0          0          0          0          0          0          0          0          0          0          0          0          0          0          0          0  IR-PCI-MSIX-0000:02:00.0   12-edge      nvme0q12
 142:          0          0          0          0          0          0          0          0          0          0          0          0       3392          0          0          0          0          0          0          0          0          0          0          0          0          0          0          0          0          0          0          0  IR-PCI-MSIX-0000:02:00.0   13-edge      nvme0q13
 143:          0          0          0          0          0          0          0          0          0          0          0          0          0        618          0          0          0          0          0          0          0          0          0          0          0          0          0          0          0          0          0          0  IR-PCI-MSIX-0000:02:00.0   14-edge      nvme0q14
 144:          0          0          0          0          0          0          0          0          0          0          0          0          0          0       3186          0          0          0          0          0          0          0          0          0          0          0          0          0          0          0          0          0  IR-PCI-MSIX-0000:02:00.0   15-edge      nvme0q15
 145:          0          0          0          0          0          0          0          0          0          0          0          0          0          0          0        488          0          0          0          0          0          0          0          0          0          0          0          0          0          0          0          0  IR-PCI-MSIX-0000:02:00.0   16-edge      nvme0q16
 146:          0          0          0          0          0          0          0          0          0          0          0          0          0          0          0          0       1291          0          0          0          0          0          0          0          0          0          0          0          0          0          0          0  IR-PCI-MSIX-0000:02:00.0   17-edge      nvme0q17
 147:          0          0          0          0          0          0          0          0          0          0          0          0          0          0          0          0          0        541          0          0          0          0          0          0          0          0          0          0          0          0          0          0  IR-PCI-MSIX-0000:02:00.0   18-edge      nvme0q18
 148:          0          0          0          0          0          0          0          0          0          0          0          0          0          0          0          0          0          0        316          0          0          0          0          0          0          0          0          0          0          0          0          0  IR-PCI-MSIX-0000:02:00.0   19-edge      nvme0q19
 149:          0          0          0          0          0          0          0          0          0          0          0          0          0          0          0          0          0          0          0        396          0          0          0          0          0          0          0          0          0          0          0          0  IR-PCI-MSIX-0000:02:00.0   20-edge      nvme0q20
 150:          0          0          0          0          0          0          0          0          0          0          0          0          0          0          0          0          0          0          0          0        519          0          0          0          0          0          0          0          0          0          0          0  IR-PCI-MSIX-0000:02:00.0   21-edge      nvme0q21
 151:          0          0          0          0          0          0          0          0          0          0          0          0          0          0          0          0          0          0          0          0          0        412          0          0          0          0          0          0          0          0          0          0  IR-PCI-MSIX-0000:02:00.0   22-edge      nvme0q22
 152:          0          0          0          0          0          0          0          0          0          0          0          0          0          0          0          0          0          0          0          0          0          0        413          0          0          0          0          0          0          0          0          0  IR-PCI-MSIX-0000:02:00.0   23-edge      nvme0q23
 153:          0          0          0          0          0          0          0          0          0          0          0          0          0          0          0          0          0          0          0          0          0          0          0        523          0          0          0          0          0          0          0          0  IR-PCI-MSIX-0000:02:00.0   24-edge      nvme0q24
 154:          0          0          0          0          0          0          0          0          0          0          0          0          0          0          0          0          0          0          0          0          0          0          0          0         96          0          0          0          0          0          0          0  IR-PCI-MSIX-0000:02:00.0   25-edge      nvme0q25
 155:          0          0          0          0          0          0          0          0          0          0          0          0          0          0          0          0          0          0          0          0          0          0          0          0          0        170          0          0          0          0          0          0  IR-PCI-MSIX-0000:02:00.0   26-edge      nvme0q26
 156:          0          0          0          0          0          0          0          0          0          0          0          0          0          0          0          0          0          0          0          0          0          0          0          0          0          0         90          0          0          0          0          0  IR-PCI-MSIX-0000:02:00.0   27-edge      nvme0q27
 157:          0          0          0          0          0          0          0          0          0          0          0          0          0          0          0          0          0          0          0          0          0          0          0          0          0          0          0         75          0          0          0          0  IR-PCI-MSIX-0000:02:00.0   28-edge      nvme0q28
 158:          0          0          0          0          0          0          0          0          0          0          0          0          0          0          0          0          0          0          0          0          0          0          0          0          0          0          0          0        198          0          0          0  IR-PCI-MSIX-0000:02:00.0   29-edge      nvme0q29
 159:          0          0          0          0          0          0          0          0          0          0          0          0          0          0          0          0          0          0          0          0          0          0          0          0          0          0          0          0          0         39          0          0  IR-PCI-MSIX-0000:02:00.0   30-edge      nvme0q30
 160:          0          0          0          0          0          0          0          0          0          0          0          0          0          0          0          0          0          0          0          0          0          0          0          0          0          0          0          0          0          0         36          0  IR-PCI-MSIX-0000:02:00.0   31-edge      nvme0q31
 161:          0          0          0          0          0          0          0          0          0          0          0          0          0          0          0          0          0          0          0          0          0          0          0          0          0          0          0          0          0          0          0        186  IR-PCI-MSIX-0000:02:00.0   32-edge      nvme0q32
 162:          0          0          0          1          0          0          0          0          0          0          0          0          0          0          0          0          0          0          0          0          0          0          0          0          0          0          0          0          0          0          0          0  IR-PCI-MSIX-0000:03:00.0    1-edge      nvme1q1
 163:          0          0          0          0          0          0          0         46          0          0          0          0          0          0          0          0          0          0          0          0          0          0          0          0          0          0          0          0          0          0          0          0  IR-PCI-MSIX-0000:03:00.0    2-edge      nvme1q2
 164:          0          0          0          0          0          0          0          0          0          0          0          1          0          0          0          0          0          0          0          0          0          0          0          0          0          0          0          0          0          0          0          0  IR-PCI-MSIX-0000:03:00.0    3-edge      nvme1q3
 165:          0          0          0          0          0          0          0          0          0          0          0          0          0          0          0         46          0          0          0          0          0          0          0          0          0          0          0          0          0          0          0          0  IR-PCI-MSIX-0000:03:00.0    4-edge      nvme1q4
 166:          0          0          0          0          0          0          0          0          0          0          0          0          0          0          0          0          0          0          0          0          0          0          0          0          0          0          0          0          0          0          0          0  IR-PCI-MSIX-0000:03:00.0    5-edge      nvme1q5
 167:          0          0          0          0          0          0          0          0          0          0          0          0          0          0          0          0          0          0          0          0          0          0          0          0          0          0          0          0          0          0          0          0  IR-PCI-MSIX-0000:03:00.0    6-edge      nvme1q6
 168:          0          0          0          0          0          0          0          0          0          0          0          0          0          0          0          0          0          0          0          0          0          0          0          0          0          0          0          0          0          0          0          0  IR-PCI-MSIX-0000:03:00.0    7-edge      nvme1q7
 169:          0          0          0          0          0          0          0          0          0          0          0          0          0          0          0          0          0          0          0          0          0          0          0          0          0          0          0          0          0          0          0          0  IR-PCI-MSIX-0000:03:00.0    8-edge      nvme1q8
 170:          0          2          0          0          0          0          0          0          0          0          0          0          0          0          0          0          0          0          0          0          0          0          0          0          0          0          0          0          0          0          0          0  IR-PCI-MSIX-0000:06:00.0    1-edge      nvme2q1
 171:          0          0          2          0          0          0          0          0          0          0          0          0          0          0          0          0          0          0          0          0          0          0          0          0          0          0          0          0          0          0          0          0  IR-PCI-MSIX-0000:06:00.0    2-edge      nvme2q2
 172:          0          0          0          0          0         13          0          0          0          0          0          0          0          0          0          0          0          0          0          0          0          0          0          0          0          0          0          0          0          0          0          0  IR-PCI-MSIX-0000:06:00.0    3-edge      nvme2q3
 173:          0          0          0          0          0          0         18          0          0          0          0          0          0          0          0          0          0          0          0          0          0          0          0          0          0          0          0          0          0          0          0          0  IR-PCI-MSIX-0000:06:00.0    4-edge      nvme2q4
 174:          0          0          0          0          0          0          0          0          0         79          0          0          0          0          0          0          0          0          0          0          0          0          0          0          0          0          0          0          0          0          0          0  IR-PCI-MSIX-0000:06:00.0    5-edge      nvme2q5
 175:          0          0          0          0          0          0          0          0          0          0         29          0          0          0          0          0          0          0          0          0          0          0          0          0          0          0          0          0          0          0          0          0  IR-PCI-MSIX-0000:06:00.0    6-edge      nvme2q6
 176:          0          0          0          0          0          0          0          0          0          0          0          0          0          2          0          0          0          0          0          0          0          0          0          0          0          0          0          0          0          0          0          0  IR-PCI-MSIX-0000:06:00.0    7-edge      nvme2q7
 177:          0          0          0          0          0          0          0          0          0          0          0          0          0          0         31          0          0          0          0          0          0          0          0          0          0          0          0          0          0          0          0          0  IR-PCI-MSIX-0000:06:00.0    8-edge      nvme2q8
 178:          0          0          0          0          0          0          0          0          0          0          0          0          0          0          0          0          0          3          0          0          0          0          0          0          0          0          0          0          0          0          0          0  IR-PCI-MSIX-0000:06:00.0    9-edge      nvme2q9
 179:          0          0          0          0          0          0          0          0          0          0          0          0          0          0          0          0          0          0          4          0          0          0          0          0          0          0          0          0          0          0          0          0  IR-PCI-MSIX-0000:06:00.0   10-edge      nvme2q10
 180:          0          0          0          0          0          0          0          0          0          0          0          0          0          0          0          0          0          0          0          0          0         20          0          0          0          0          0          0          0          0          0          0  IR-PCI-MSIX-0000:06:00.0   11-edge      nvme2q11
 181:          0          0          0          0          0          0          0          0          0          0          0          0          0          0          0          0          0          0          0          0          0          0         14          0          0          0          0          0          0          0          0          0  IR-PCI-MSIX-0000:06:00.0   12-edge      nvme2q12
 182:          0          0          0          0          0          0          0          0          0          0          0          0          0          0          0          0          0          0          0          0          0          0          0          0          0        718          0          0          0          0          0          0  IR-PCI-MSIX-0000:06:00.0   13-edge      nvme2q13
 183:          0          0          0          0          0          0          0          0          0          0          0          0          0          0          0          0          0          0          0          0          0          0          0          0          0          0          0          0          0          0          0          0  IR-PCI-MSIX-0000:06:00.0   14-edge      nvme2q14
 184:          0          0          0          0          0          0          0          0          0          0          0          0          0          0          0          0          0          0          0          0          0          0          0          0          0          0          0          0          0         41          0          0  IR-PCI-MSIX-0000:06:00.0   15-edge      nvme2q15
 185:          0          0          0          0          0          0          0          0          0          0          0          0          0          0          0          0          0          0          0          0          0          0          0          0          0          0          0          0          0          0          1          0  IR-PCI-MSIX-0000:06:00.0   16-edge      nvme2q16
 186:          0          0          0          0          0          0          0          0          0          0          0          0        409          0          0          0          0          0          0          0          0          0          0          0          0          0          0          0          0          0          0          0  IR-PCI-MSI-0000:00:17.0    0-edge      ahci[0000:00:17.0]
 187:          0          0          0          0          0          0          0          0          0          0          0          0          0       6941          0          0          0          0          0          0          0          0          0          0          0          0          0          0          0          0          0          0  IR-PCI-MSI-0000:00:14.0    0-edge      xhci_hcd
 188:          0          0          0          0          0          0          0          0          0          0          0          0          0          0          0          0         48          0          0          0          0          0          0          0          0          0          0          0          0          0          0          0  IR-PCI-MSI-0000:00:16.0    0-edge      mei_me
 189:          0          0          0          0          0          0          0          0          0          0          0          0          0          0          0          0          0          0          0          0          0          0          0          0          0          0          0          0          0          0          0          0  IR-PCI-MSIX-0000:05:00.0    0-edge      enp5s0
 190:          0          0          0          0          0          0          0          0          0          0          0          0          0          0          0          0          0          0          0          0          0          0          0          0         27          0          0          0          0          0          0          0  IR-PCI-MSIX-0000:05:00.0    1-edge      enp5s0-TxRx-0
 191:          0          0          0          0          0          0          0          0          0          0          0          0          0          0          0          0          0          0          0          0          0          0          0          0          0         27          0          0          0          0          0          0  IR-PCI-MSIX-0000:05:00.0    2-edge      enp5s0-TxRx-1
 192:          0          0          0          0          0          0          0          0          0          0          0          0          0          0          0          0          0          0          0          0          0          0          0          0          0          0         27          0          0          0          0          0  IR-PCI-MSIX-0000:05:00.0    3-edge      enp5s0-TxRx-2
 193:          0          0          0          0          0          0          0          0          0          0          0          0          0          0          0          0          0          0          0          0          0          0          0          0          0          0          0         27          0          0          0          0  IR-PCI-MSIX-0000:05:00.0    4-edge      enp5s0-TxRx-3
 194:          0          0          0          0          0          0          0          0          0          0          0          0          0          0          0          0          0          0          0          0       1272          0          0          0          0          0          0          0          0          0          0          0  IR-PCI-MSIX-0000:00:14.3    0-edge      iwlwifi:default_queue
 195:         88          0          0          0          0          0          0          0          0          0          0          0          0          0          0          0          0          0          0          0          0          0          0          0          0          0          0          0          0          0          0          0  IR-PCI-MSIX-0000:00:14.3    1-edge      iwlwifi:queue_1
 196:          0         56          0          0          0          0          0          0          0          0          0          0          0          0          0          0          0          0          0          0          0          0          0          0          0          0          0          0          0          0          0          0  IR-PCI-MSIX-0000:00:14.3    2-edge      iwlwifi:queue_2
 197:          0          0         38          0          0          0          0          0          0          0          0          0          0          0          0          0          0          0          0          0          0          0          0          0          0          0          0          0          0          0          0          0  IR-PCI-MSIX-0000:00:14.3    3-edge      iwlwifi:queue_3
 198:          0          0          0         60          0          0          0          0          0          0          0          0          0          0          0          0          0          0          0          0          0          0          0          0          0          0          0          0          0          0          0          0  IR-PCI-MSIX-0000:00:14.3    4-edge      iwlwifi:queue_4
 199:          0          0          0          0         76          0          0          0          0          0          0          0          0          0          0          0          0          0          0          0          0          0          0          0          0          0          0          0          0          0          0          0  IR-PCI-MSIX-0000:00:14.3    5-edge      iwlwifi:queue_5
 200:          0          0          0          0          0         66          0          0          0          0          0          0          0          0          0          0          0          0          0          0          0          0          0          0          0          0          0          0          0          0          0          0  IR-PCI-MSIX-0000:00:14.3    6-edge      iwlwifi:queue_6
 201:          0          0          0          0          0          0         43          0          0          0          0          0          0          0          0          0          0          0          0          0          0          0          0          0          0          0          0          0          0          0          0          0  IR-PCI-MSIX-0000:00:14.3    7-edge      iwlwifi:queue_7
 202:          0          0          0          0          0          0          0         69          0          0          0          0          0          0          0          0          0          0          0          0          0          0          0          0          0          0          0          0          0          0          0          0  IR-PCI-MSIX-0000:00:14.3    8-edge      iwlwifi:queue_8
 203:          0          0          0          0          0          0          0          0         37          0          0          0          0          0          0          0          0          0          0          0          0          0          0          0          0          0          0          0          0          0          0          0  IR-PCI-MSIX-0000:00:14.3    9-edge      iwlwifi:queue_9
 204:          0          0          0          0          0          0          0          0          0         71          0          0          0          0          0          0          0          0          0          0          0          0          0          0          0          0          0          0          0          0          0          0  IR-PCI-MSIX-0000:00:14.3   10-edge      iwlwifi:queue_10
 205:          0          0          0          0          0          0          0          0          0          0         58          0          0          0          0          0          0          0          0          0          0          0          0          0          0          0          0          0          0          0          0          0  IR-PCI-MSIX-0000:00:14.3   11-edge      iwlwifi:queue_11
 206:          0          0          0          0          0          0          0          0          0          0          0         54          0          0          0          0          0          0          0          0          0          0          0          0          0          0          0          0          0          0          0          0  IR-PCI-MSIX-0000:00:14.3   12-edge      iwlwifi:queue_12
 207:          0          0          0          0          0          0          0          0          0          0          0          0         39          0          0          0          0          0          0          0          0          0          0          0          0          0          0          0          0          0          0          0  IR-PCI-MSIX-0000:00:14.3   13-edge      iwlwifi:queue_13
 208:          0          0          0          0          0          0          0          0          0          0          0          0          0         77          0          0          0          0          0          0          0          0          0          0          0          0          0          0          0          0          0          0  IR-PCI-MSIX-0000:00:14.3   14-edge      iwlwifi:queue_14
 209:          0          0          0          5          0          0          0          0          0          0          0          0          0          0          0          0          0          0          0          0          0          0          0          0          0          0          0          0          0          0          0          0  IR-PCI-MSIX-0000:00:14.3   15-edge      iwlwifi:exception
 210:          0          0          0          0        601          0          0          0          0          0          0          0          0          0          0          0          0          0          0          0          0          0          0          0          0          0          0          0          0          0          0          0  IR-PCI-MSI-0000:00:1f.3    0-edge      snd_hda_intel:card0
 211:          0          0          0          0          0          0          0          0          0          0          0          0          0          0          0          0          0          0          0          0          0          0       5000          0          0          0          0          0          0          0          0          0  IR-PCI-MSI-0000:01:00.0    0-edge      nvidia
 NMI:          0          0          0          0          0          0          0          0          0          0          0          0          0          0          0          0          0          0          0          0          0          0          0          0          0          0          0          0          0          0          0          0   Non-maskable interrupts
 LOC:      11830       8113      10396       5433       9888       5506      10235       4483      11179       7878      13063       6895      12657       5230      13389       5046       8362       7977       5671       6208       3657       3638       6249       6511       4507       2951       3567       2376       3117       2489       2415       4258   Local timer interrupts
 SPU:          0          0          0          0          0          0          0          0          0          0          0          0          0          0          0          0          0          0          0          0          0          0          0          0          0          0          0          0          0          0          0          0   Spurious interrupts
 PMI:          0          0          0          0          0          0          0          0          0          0          0          0          0          0          0          0          0          0          0          0          0          0          0          0          0          0          0          0          0          0          0          0   Performance monitoring interrupts
 IWI:          0          0          1          0          0          0          0          0          0          0          4          0          0          0          0          0          0          0          0          0          0          0          0          0          0          0          0          0          0          0          0          0   IRQ work interrupts
 RTR:          0          0          0          0          0          0          0          0          0          0          0          0          0          0          0          0          0          0          0          0          0          0          0          0          0          0          0          0          0          0          0          0   APIC ICR read retries
 RES:        590        310        589        402        605        255        661        273        608        290        639        237        697        209        659        269        715        477        440        379        391        364        354        287        320        267        305        332        321        268        374        509   Rescheduling interrupts
 CAL:      26870      26138      26943      24316      26806      23272      26914      25663      27224      21325      21525      25432      26955      21442      26485      25298      27121      25709      26203      26035      25908      26098      25991      25926      25748      25652      25715      25566      25503      25519      25227      25665   Function call interrupts
 TLB:       1779       1837       2310       1126       2274       1309       2527       1363       3047       1526       2603       1393       2533       1176       2479       1362       2429       1788       1830       1551       1517       1689       1489       1212       1349       1299       1349       1249       1142       1145       1197       1298   TLB shootdowns
 TRM:          0          0          0          0          0          0          0          0          0          0          0          0          0          0          0          0          0          0          0          0          0          0          0          0          0          0          0          0          0          0          0          0   Thermal event interrupts
 THR:          0          0          0          0          0          0          0          0          0          0          0          0          0          0          0          0          0          0          0          0          0          0          0          0          0          0          0          0          0          0          0          0   Threshold APIC interrupts
 DFR:          0          0          0          0          0          0          0          0          0          0          0          0          0          0          0          0          0          0          0          0          0          0          0          0          0          0          0          0          0          0          0          0   Deferred Error APIC interrupts
 MCE:          0          0          0          0          0          0          0          0          0          0          0          0          0          0          0          0          0          0          0          0          0          0          0          0          0          0          0          0          0          0          0          0   Machine check exceptions
 MCP:          1          2          2          2          2          2          2          2          2          2          2          2          2          2          2          2          2          2          2          2          2          2          2          2          2          2          2          2          2          2          2          2   Machine check polls
 ERR:          0
 MIS:          0
 PIN:          0          0          0          0          0          0          0          0          0          0          0          0          0          0          0          0          0          0          0          0          0          0          0          0          0          0          0          0          0          0          0          0   Posted-interrupt notification event
 NPI:          0          0          0          0          0          0          0          0          0          0          0          0          0          0          0          0          0          0          0          0          0          0          0          0          0          0          0          0          0          0          0          0   Nested posted-interrupt event
 PIW:          0          0          0          0          0          0          0          0          0          0          0          0          0          0          0          0          0          0          0          0          0          0          0          0          0          0          0          0          0          0          0          0   Posted-interrupt wakeup event
