           CPU0       CPU1       CPU2       CPU3       CPU4       CPU5       CPU6       CPU7       CPU8       CPU9       CPU10      CPU11      CPU12      CPU13      CPU14      CPU15      CPU16      CPU17      CPU18      CPU19      CPU20      CPU21      CPU22      CPU23      CPU24      CPU25      CPU26      CPU27      CPU28      CPU29      CPU30      CPU31
  0:         25          0          0          0          0          0          0          0          0          0          0          0          0          0          0          0          0          0          0          0          0          0          0          0          0          0          0          0          0          0          0          0   IO-APIC   2-edge      timer
  1:          0          0          0          0          0          0          0          0          0          0          0          0          0          0          0          0          0          0          0          0          0          0          0          0          0          0          9          0          0          0          0          0   IO-APIC   1-edge      i8042
  4:          0          0          0          0          0          0          0          0          0          0          0          0          0          0          0          0          0          0          0          0          0          0          4          0          0          0          0          0          0          0          2          0   IO-APIC   4-edge      ttyS0
  6:          0          0          0          0          0          0          0          0          2          0          0          0          0          0          0          0          0          0          0          0          0          0          0          0          0          0          0          0          0          0          0          0   IO-APIC   6-edge      floppy
  8:          0          0          0          0          0          0          0          0          0          0          0          0          0          0          0          0          0          0          0          0          0          0          0          0          0          0          0          0          1          0          0          0   IO-APIC   8-edge      rtc0
  9:          0          0          0          0          0          0          0          0          0          0          0          0          0          0          0          0          0          0          0          0          0          0          0          0          0          0          0          0          0          0          0          0   IO-APIC   9-fasteoi   acpi
 12:          0          0          0          0          0          0          0          0          0          0          0          0          0          0          0          0          0          0          0          0          0          0          0          0        125          0          0          0          0          0          0          0   IO-APIC  12-edge      i8042
 14:          0          0          0          0          0          0          0          0          0          0          0          0          0          0          0          0          0          0          0          0          0          0          0          0          0          0          0          0          0          0          0          0   IO-APIC  14-edge      ata_piix
 15:          0          0          0          0          0          0          0          0          0          0          0          0          0          0          0          0          0          0          0          0          0          0          0          0          0          0          0          0          0          0          0          0   IO-APIC  15-edge      ata_piix
 24:          0          0          0          0          0          0          0          0          0          0          0          0          0          0          0          0          0          0          0          0          0          0          0          0          0          0          0          0          0          0          0          0  PCI-MSIX-0000:00:09.0   0-edge      virtio6-config
 25:          0          0          0         13          0          0          0          0          0          0          0          0          0          0          0          0          0          0          0          0          0          0          0          0          0          0          0          0          0          0          0          0  PCI-MSIX-0000:00:09.0   1-edge      virtio6-virtqueues
 26:          0          0          0          0          0          0          0          0          0          0          0          0          0          0          0          0          0          0          0          0          0          0          0          0          0          0          0          0          0          0          0          0  PCI-MSIX-0000:00:0a.0   0-edge      virtio7-config
 27:          0          0          0          0          0         23          0          0          0          0          0          0          0          0          0          0          0          0          0          0          0          0          0          0          0          0          0          0          0          0          0          0  PCI-MSIX-0000:00:0a.0   1-edge      virtio7-virtqueues
 28:          0          0          0          0          0          0          0          0          0          0          0          0          0          0          0          0          0          0          0          0          0          0          0          0          0          0          0          0          0          0          0          0  PCI-MSIX-0000:00:0b.0   0-edge      virtio8-config
 29:          0          0          0          0          0          0          0         16          0          0          0          0          0          0          0          0          0          0          0          0          0          0          0          0          0          0          0          0          0          0          0          0  PCI-MSIX-0000:00:0b.0   1-edge      virtio8-virtqueues
 30:          0          0          0          0          0          0          0          0          0          0          0          0          0          0          0          0          0          0          0          0          0          0          0          0          0          0          0          0          0          0          0          0  PCI-MSIX-0000:00:02.0   0-edge      virtio0-config
 31:          0          0          0          0          0          0          0          0          0          0          0          0          0          0          0          0          0          0          0          0          0          0          0          0          0          0          0          0          0          0          0          0  PCI-MSIX-0000:00:02.0   1-edge      virtio0-control
 32:          0          0          0          0          0          0          0          0          0          0          0          0          0          0          0          0          0          0          0          0          0          0          0          0          0          0          0          0          0          0          0          0  PCI-MSIX-0000:00:02.0   2-edge      virtio0-event
 33:          0      31499          0          0          0          0          0          0          0          0          0          0          0          0          0          0          0          0          0          0          0          0          0          0          0          0          0          0          0          0          0          0  PCI-MSIX-0000:00:02.0   3-edge      virtio0-request
 34:          0          0          0      21053          0          0          0          0          0          0          0          0          0          0          0          0          0          0          0          0          0          0          0          0          0          0          0          0          0          0          0          0  PCI-MSIX-0000:00:02.0   4-edge      virtio0-request
 35:          0          0          0          0          0       7812          0          0          0          0          0          0          0          0          0          0          0          0          0          0          0          0          0          0          0          0          0          0          0          0          0          0  PCI-MSIX-0000:00:02.0   5-edge      virtio0-request
 36:          0          0          0          0          0          0          0      17564          0          0          0          0          0          0          0          0          0          0          0          0          0          0          0          0          0          0          0          0          0          0          0          0  PCI-MSIX-0000:00:02.0   6-edge      virtio0-request
 37:          0          0          0          0          0          0          0          0          0      14766          0          0          0          0          0          0          0          0          0          0          0          0          0          0          0          0          0          0          0          0          0          0  PCI-MSIX-0000:00:02.0   7-edge      virtio0-request
 38:          0          0          0          0          0          0          0          0          0          0          0      23807          0          0          0          0          0          0          0          0          0          0          0          0          0          0          0          0          0          0          0          0  PCI-MSIX-0000:00:02.0   8-edge      virtio0-request
 39:          0          0          0          0          0          0          0          0          0          0          0          0          0      20554          0          0          0          0          0          0          0          0          0          0          0          0          0          0          0          0          0          0  PCI-MSIX-0000:00:02.0   9-edge      virtio0-request
 40:          0          0          0          0          0          0          0          0          0          0          0          0          0          0          0      19466          0          0          0          0          0          0          0          0          0          0          0          0          0          0          0          0  PCI-MSIX-0000:00:02.0  10-edge      virtio0-request
 41:          0          0          0          0          0          0          0          0          0          0          0          0          0          0          0          0          0      12292          0          0          0          0          0          0          0          0          0          0          0          0          0          0  PCI-MSIX-0000:00:02.0  11-edge      virtio0-request
 42:          0          0          0          0          0          0          0          0          0          0          0          0          0          0          0          0          0          0          0      16569          0          0          0          0          0          0          0          0          0          0          0          0  PCI-MSIX-0000:00:02.0  12-edge      virtio0-request
 43:          0          0          0          0          0          0          0          0          0          0          0          0          0          0          0          0          0          0          0          0          0      10230          0          0          0          0          0          0          0          0          0          0  PCI-MSIX-0000:00:02.0  13-edge      virtio0-request
 44:          0          0          0          0          0          0          0          0          0          0          0          0          0          0          0          0          0          0          0          0          0          0          0      16084          0          0          0          0          0          0          0          0  PCI-MSIX-0000:00:02.0  14-edge      virtio0-request
 45:          0          0          0          0          0          0          0          0          0          0          0          0          0          0          0          0          0          0          0          0          0          0          0          0          0       6488          0          0          0          0          0          0  PCI-MSIX-0000:00:02.0  15-edge      virtio0-request
 46:          0          0          0          0          0          0          0          0          0          0          0          0          0          0          0          0          0          0          0          0          0          0          0          0          0          0          0      11805          0          0          0          0  PCI-MSIX-0000:00:02.0  16-edge      virtio0-request
 47:          0          0          0          0          0          0          0          0          0          0          0          0          0          0          0          0          0          0          0          0          0          0          0          0          0          0          0          0          0      34023          0          0  PCI-MSIX-0000:00:02.0  17-edge      virtio0-request
 48:          0          0          0          0          0          0          0          0          0          0          0          0          0          0          0          0          0          0          0          0          0          0          0          0          0          0          0          0          0          0          0      37997  PCI-MSIX-0000:00:02.0  18-edge      virtio0-request
 49:       9327          0          0          0          0          0          0          0          0          0          0          0          0          0          0          0          0          0          0          0          0          0          0          0          0          0          0          0          0          0          0          0  PCI-MSIX-0000:00:02.0  19-edge      virtio0-request
 50:          0          0       5003          0          0          0          0          0          0          0          0          0          0          0          0          0          0          0          0          0          0          0          0          0          0          0          0          0          0          0          0          0  PCI-MSIX-0000:00:02.0  20-edge      virtio0-request
 51:          0          0          0          0      16039          0          0          0          0          0          0          0          0          0          0          0          0          0          0          0          0          0          0          0          0          0          0          0          0          0          0          0  PCI-MSIX-0000:00:02.0  21-edge      virtio0-request
 52:          0          0          0          0          0          0      14682          0          0          0          0          0          0          0          0          0          0          0          0          0          0          0          0          0          0          0          0          0          0          0          0          0  PCI-MSIX-0000:00:02.0  22-edge      virtio0-request
 53:          0          0          0          0          0          0          0          0      14752          0          0          0          0          0          0          0          0          0          0          0          0          0          0          0          0          0          0          0          0          0          0          0  PCI-MSIX-0000:00:02.0  23-edge      virtio0-request
 54:          0          0          0          0          0          0          0          0          0          0      14783          0          0          0          0          0          0          0          0          0          0          0          0          0          0          0          0          0          0          0          0          0  PCI-MSIX-0000:00:02.0  24-edge      virtio0-request
 55:          0          0          0          0          0          0          0          0          0          0          0          0      14269          0          0          0          0          0          0          0          0          0          0          0          0          0          0          0          0          0          0          0  PCI-MSIX-0000:00:02.0  25-edge      virtio0-request
 56:          0          0          0          0          0          0          0          0          0          0          0          0          0          0       7037          0          0          0          0          0          0          0          0          0          0          0          0          0          0          0          0          0  PCI-MSIX-0000:00:02.0  26-edge      virtio0-request
 57:          0          0          0          0          0          0          0          0          0          0          0          0          0          0          0          0      12830          0          0          0          0          0          0          0          0          0          0          0          0          0          0          0  PCI-MSIX-0000:00:02.0  27-edge      virtio0-request
 58:          0          0          0          0          0          0          0          0          0          0          0          0          0          0          0          0          0          0      17950          0          0          0          0          0          0          0          0          0          0          0          0          0  PCI-MSIX-0000:00:02.0  28-edge      virtio0-request
 59:          0          0          0          0          0          0          0          0          0          0          0          0          0          0          0          0          0          0          0          0      20672          0          0          0          0          0          0          0          0          0          0          0  PCI-MSIX-0000:00:02.0  29-edge      virtio0-request
 60:          0          0          0          0          0          0          0          0          0          0          0          0          0          0          0          0          0          0          0          0          0          0      22030          0          0          0          0          0          0          0          0          0  PCI-MSIX-0000:00:02.0  30-edge      virtio0-request
 61:          0          0          0          0          0          0          0          0          0          0          0          0          0          0          0          0          0          0          0          0          0          0          0          0      11951          0          0          0          0          0          0          0  PCI-MSIX-0000:00:02.0  31-edge      virtio0-request
 62:          0          0          0          0          0          0          0          0          0          0          0          0          0          0          0          0          0          0          0          0          0          0          0          0          0          0       7545          0          0          0          0          0  PCI-MSIX-0000:00:02.0  32-edge      virtio0-request
 63:          0          0          0          0          0          0          0          0          0          0          0          0          0          0          0          0          0          0          0          0          0          0          0          0          0          0          0          0       2703          0          0          0  PCI-MSIX-0000:00:02.0  33-edge      virtio0-request
 64:          0          0          0          0          0          0          0          0          0          0          0          0          0          0          0          0          0          0          0          0          0          0          0          0          0          0          0          0          0          0       4031          0  PCI-MSIX-0000:00:02.0  34-edge      virtio0-request
 65:          0          0          0          0          0          0          0          0          0          0          0          0          0          0          0          0          0          0          0          0          0          0          0          0          0          0          0          0          0          0          0          0  PCI-MSIX-0000:00:03.0   0-edge      virtio1-config
 66:          0          0          0          0          0          0          0       3588          0          0          0         11          0          0          0          0          0          0          0          0          0      64798          0      29088       1519          0          0          0          0          0          0          0  PCI-MSIX-0000:00:03.0   1-edge      virtio1-input.0
 67:          0          0          0          0          0          0          0       1466          0          0          0      11193          0         15          0          0          0          0          0          0          0       2901          0          0          0          0          0          0      75330          0          0          0  PCI-MSIX-0000:00:03.0   2-edge      virtio1-output.0
 68:          0          0          0          0          0          0          0          0          0          0          0          0          0          0          0          0          0          0          0          0          0          0          0          0          0          0          0          0          0          0          0          0  PCI-MSIX-0000:00:04.0   0-edge      virtio2-config
 69:          0          0          0          0          0          3          0        310          0         27          0        206          2          0          0          0          0          4       6145          0          0         47          0          0          0          0        244          0         17          0          0          0  PCI-MSIX-0000:00:04.0   1-edge      virtio2-input.0
 70:          0          0          0          0          0          0          0          0          0          0          0          0          0          0          0          0          0          0          0          0          0          0          0          0          0          0          0          0          0          0          0          0  PCI-MSIX-0000:00:04.0   2-edge      virtio2-output.0
 71:          0          0          0          0          0          0          0          0          0          0          0          0          0          0          0          0          0          0          0          0          0          0          0          0          0          0          0          0          0          0          0          0  PCI-MSIX-0000:00:05.0   0-edge      virtio3-config
 72:          0          0          0          0          0          0          0        221          0          0          0          0          0          0          0          0         13          0          0          0          0       5390          0          3   94013974          0          0          0     333879          0          0          0  PCI-MSIX-0000:00:05.0   1-edge      virtio3-input.0
 73:          0          0          0          0          0          0          0          0          0       6367          0          0      10014          0          0          0          0          0      56082          0          0          0          3        106          0          0          0          0    2893114          0          0          0  PCI-MSIX-0000:00:05.0   2-edge      virtio3-output.0
 74:          0          0          0          0          0          0          0          0          0          0          0          0          0          0          0          0          0          0          0          0          0          0          0          0          0          0          0          0          0          0          0          0  PCI-MSIX-0000:00:07.0   0-edge      virtio5-config
 75:          0          0          0          0          0          0          0          0          0          0          0          0          0          0          0          0          0          0          0          0          0          0          0          0          0          0          0          0          0          0          0          0  PCI-MSIX-0000:00:07.0   1-edge      virtio5-requests
 76:          0          0          0          0          0          0          0          0          0          0          0          0          0          0          0          0          0          0          0          0          0          0          0          0          0          0          0          0          0          0          0          0  PCI-MSIX-0000:00:06.0   0-edge      virtio4-config
 77:          0          0          0          0          0          0          0          0          0          0          0          0          0          0          0          0          0          0          0          0          0          0          0          0          0          0          0          0          0          0          0          0  PCI-MSIX-0000:00:06.0   1-edge      virtio4-virtqueues
NMI:          0          0          0          0          0          0          0          0          0          0          0          0          0          0          0          0          0          0          0          0          0          0          0          0          0          0          0          0          0          0          0          0   Non-maskable interrupts
LOC:     710423     890028    5013366     867489    4965304     803906    3098723     649547    1981611     748791     822464     801174    3039691     599768     239916     639340     226231     667261     221543     635157     633286     774212    9771376     639502     853911     622204     734282     678224    1687459     835364     356748     853182   Local timer interrupts
SPU:          0          0          0          0          0          0          0          0          0          0          0          0          0          0          0          0          0          0          0          0          0          0          0          0          0          0          0          0          0          0          0          0   Spurious interrupts
PMI:          0          0          0          0          0          0          0          0          0          0          0          0          0          0          0          0          0          0          0          0          0          0          0          0          0          0          0          0          0          0          0          0   Performance monitoring interrupts
IWI:          0          0          0          0          0          0          4          0          0          0          0          0          0          0          0          0          0          0          2          0          0          0          0          0          0          0          0          0          0          0          0          0   IRQ work interrupts
RTR:          0          0          0          0          0          0          0          0          0          0          0          0          0          0          0          0          0          0          0          0          0          0          0          0          0          0          0          0          0          0          0          0   APIC ICR read retries
RES:       4587       5352       4673       5183       4248       5370       4030       5221       4067       5204       4111       5147       4367       5102       4047       5020       4641       4782       4069       5189       4364       5729       4468       4876       6921       5141       4677       5214       4503       5057       4559       5242   Rescheduling interrupts
CAL:    4065116    1008371    2105902     530605    1313809     478974     758049     395560     585470     549583     524101     525037     399881     427194     473330     399764     600621     498889     548937     493385     429849     636879     495193     715746     183845     708039     588070     471480     569681     498717     643513     474453   Function call interrupts
TLB:      57879      67634      54441      50369      70120      56118      67191      40907     103340      44451      85714      46667     105482      49241      60840      46139      68642      82031      46300      69135      57168     127266      50407      50702      52614     200980      69162      49915      57935      52401      40317      58850   TLB shootdowns
TRM:          0          0          0          0          0          0          0          0          0          0          0          0          0          0          0          0          0          0          0          0          0          0          0          0          0          0          0          0          0          0          0          0   Thermal event interrupts
THR:          0          0          0          0          0          0          0          0          0          0          0          0          0          0          0          0          0          0          0          0          0          0          0          0          0          0          0          0          0          0          0          0   Threshold APIC interrupts
DFR:          0          0          0          0          0          0          0          0          0          0          0          0          0          0          0          0          0          0          0          0          0          0          0          0          0          0          0          0          0          0          0          0   Deferred Error APIC interrupts
MCE:          0          0          0          0          0          0          0          0          0          0          0          0          0          0          0          0          0          0          0          0          0          0          0          0          0          0          0          0          0          0          0          0   Machine check exceptions
MCP:         62         62         62         62         62         62         62         62         62         62         62         62         62         62         62         62         62         62         62         62         62         62         62         62         62         62         62         62         62         62         62         62   Machine check polls
HYP:          1          1          1          1          1          1          1          1          1          1          1          1          1          1          1          1          1          1          1          1          1          1          1          1          1          1          1          1          1          1          1          1   Hypervisor callback interrupts
ERR:          0
MIS:          0
PIN:        131         14         35         49         15         89         13         22         71         21         23         32         13         10        135         17         91         32         38         15        548         23        147         13         62         41         49         40          6         29         46         33   Posted-interrupt notification event
NPI:          0          0          0          0          0          0          0          0          0          0          0          0          0          0          0          0          0          0          0          0          0          0          0          0          0          0          0          0          0          0          0          0   Nested posted-interrupt event
PIW:          0          0          0          0          0          0          0          0          0          0          0          0          0          0          0          0          0          0          0          0          0          0          0          0          0          0          0          0          0          0          0          0   Posted-interrupt wakeup event
